{"TOAs_cad": [[[-0.97954658556884, -0.07861553095754609, -0.1852244179169974, 0.5362716596700743], [0.08580917521013749, -0.9958250152980641, -0.031133974310497026, 0.07256754844271703], [-0.18200349488453058, -0.046391132761270604, 0.9822029274294306, 0.1448589468841377], [0.0, 0.0, 0.0, 1.0]], [[-0.9845286259209832, 0.12588956288883751, -0.12188192112778236, 0.5416155291286343], [-0.08142296273006787, -0.9446041529250016, -0.31795171868870253, 0.06569368088146921], [-0.15515697174925586, -0.30310858158834664, 0.9402401299057084, 0.13539669692827916], [0.0, 0.0, 0.0, 1.0]], [[-0.8677685219749947, -0.1846299965905893, -0.4613995628826406, 0.5473120183517519], [0.05753762373256986, -0.9595095416161412, 0.2757369423976257, 0.06312349808311964], [-0.49362659381818363, 0.21272800451877838, 0.8432553480227186, 0.13559858419032822], [0.0, 0.0, 0.0, 1.0]], [[-0.9973702928017985, -0.06659865080179542, 0.028585289010881504, 0.5436505056647847], [0.07031954489679808, -0.9847245485009576, 0.15928818281684354, 0.0668820670778919], [0.01754025775073817, 0.16087940604989048, 0.9868181980826423, 0.12799443859025594], [0.0, 0.0, 0.0, 1.0]], [[-0.9923466345428279, -0.06878372659483335, 0.10255221044546309, 0.5443772444847841], [0.07031557357925718, -0.9974597279807808, 0.011393470442636167, 0.07152143895539892], [0.10150801457886696, 0.01851728954880666, 0.9946623713421671, 0.12446655829803599], [0.0, 0.0, 0.0, 1.0]], [[-0.9441398382147139, -0.11104098476530011, -0.31027385580845523, 0.5398593557089753], [0.13807604740272067, -0.9881864498847546, -0.06650222099905523, 0.06911564702467238], [-0.29922394795459695, -0.10562878379740026, 0.9483182951962631, 0.14170519779580937], [0.0, 0.0, 0.0, 1.0]], [[-0.9740266129299425, -0.1029783298219083, -0.2016621454098761, 0.5420860670767734], [0.11401998737246993, -0.9925083405051432, -0.04389346770658192, 0.06843593240908968], [-0.19563128528894747, -0.06574692095313106, 0.9784711250728749, 0.14251934489295404], [0.0, 0.0, 0.0, 1.0]], [[-0.9889184833905807, -0.10362776359261722, -0.1063086065249027, 0.5407969632749878], [0.09675555632059553, -0.9929896680886923, 0.06789610732730983, 0.07503256634635097], [-0.11259926966710775, 0.05685776712026319, 0.9920123985054485, 0.1375174625790615], [0.0, 0.0, 0.0, 1.0]], [[-0.9773875419852921, -0.0824362197110175, -0.19472509456078405, 0.542142812517082], [0.10782397325485082, -0.986458154088327, -0.12358924315727682, 0.0737477842900024], [-0.18189992733227414, -0.14179061997328368, 0.97304051124509, 0.14286133138962198], [0.0, 0.0, 0.0, 1.0]], [[-0.9335820878911438, -0.193047187450313, -0.3019226201965274, 0.5382493098899296], [0.2664387804187356, -0.9373330629525981, -0.22453753669459764, 0.0655545350790874], [-0.23965571442757122, -0.2900681170232686, 0.9265126151482159, 0.1507038983135378], [0.0, 0.0, 0.0, 1.0]], [[-0.8569795079408689, 0.019236604005367496, -0.5149913358841752, 0.503900610561945], [0.11723640959026684, -0.96582502976543, -0.23116581958626467, 0.07648990168874306], [-0.5018383676402292, -0.25848010551094047, 0.825437028379054, 0.4204356094783361], [0.0, 0.0, 0.0, 1.0]], [[-0.9591077059874277, -0.11002172806569441, -0.26078272118561163, 0.5373298896245008], [0.10981183918390519, -0.9938327420268439, 0.015422089691528099, 0.06659185908651202], [-0.2608711718273643, -0.013845585175201694, 0.9652743296496467, 0.13962739818925352], [0.0, 0.0, 0.0, 1.0]], [[-0.9507876544981616, -0.010196994220834813, -0.30967540645447567, 0.537906351865185], [0.0838276769534076, -0.9706504401781698, -0.22541216373239692, 0.06889749063762485], [-0.2982880430565053, -0.24027847238316222, 0.9237372456920502, 0.14363571711626333], [0.0, 0.0, 0.0, 1.0]], [[-0.990319228521203, -0.07628999920413122, -0.11596405323462484, 0.5300845257710246], [0.03940650155086093, -0.95556956998416, 0.2921197092902311, 0.07173568407677493], [-0.13309753287229345, 0.28472202749650544, 0.949325241317004, 0.20548426175024814], [0.0, 0.0, 0.0, 1.0]], [[-0.6934886852080009, -0.2078933236880426, -0.6898215779855087, 0.5438530891306391], [0.07866435482919384, -0.9735884265415589, 0.21433034079112126, 0.06193798589939695], [-0.7161601516195837, 0.09437129685593093, 0.6915263520372489, 0.13730718328289326], [0.0, 0.0, 0.0, 1.0]], [[-0.9781913311482908, -0.09268815395916849, -0.18587798627588098, 0.5418010662909749], [0.10172461194867882, -0.9940216858519868, -0.03966095535744785, 0.06052137996817336], [-0.1810906485443848, -0.05770436873943047, 0.9817720625675589, 0.1466120159719443], [0.0, 0.0, 0.0, 1.0]], [[-0.3000971171386563, 0.5644837865347705, -0.7689601907930181, 0.386082864530138], [-0.06901358818681957, -0.8168506084892743, -0.5727060398287093, 0.4933591712570152], [-0.9514088736871482, -0.11879872958104454, 0.28409156432263566, 0.6792497874991943], [0.0, 0.0, 0.0, 1.0]], [[-0.9846875260577652, -0.07326823620862834, -0.15818420145234044, 0.5405406010075489], [0.07471064325106248, -0.9972001738242122, -0.0031832546196908784, 0.06652918683466291], [-0.15750808173313033, -0.014952554558935516, 0.9874044892043545, 0.1427404917169791], [0.0, 0.0, 0.0, 1.0]], [[-0.9799702282629157, -0.05181635753996752, -0.19228472848778091, 0.5427923922092159], [0.058779745745265025, -0.9977992934586816, -0.030684058784298474, 0.06618924038878682], [-0.19027163006725747, -0.04137191154209097, 0.9808593536929252, 0.14092901474121233], [0.0, 0.0, 0.0, 1.0]], [[-0.9720527018283983, -0.0509943288136948, -0.22915742034015063, 0.5378073929790831], [0.06735049050095371, -0.9956665132633888, -0.06412570307768639, 0.059377449983699704], [-0.2248943225103577, -0.07776742759515332, 0.971274817396107, 0.1488591539660704], [0.0, 0.0, 0.0, 1.0]], [[-0.9911328805039173, -0.1003177398242487, -0.08713187855522515, 0.5367564508893878], [0.10054687657124074, -0.9949307545136391, 0.0017661638342857944, 0.05957637039240676], [-0.08686736323715584, -0.00701033518999522, 0.9961952200270536, 0.1449903174116849], [0.0, 0.0, 0.0, 1.0]], [[-0.9833600549041515, -0.0996366281360519, -0.15190636837401655, 0.5464472369080023], [0.09658609067481619, -0.9949488304201692, 0.027348709909125454, 0.062325570212696586], [-0.15386399678631946, 0.01222158660794058, 0.9880164489084807, 0.13594992411186624], [0.0, 0.0, 0.0, 1.0]], [[-0.978076820944376, -0.1602025269814633, -0.1330446642300862, 0.5601954677497212], [0.1635773009509264, -0.9864200478124876, -0.014763329137424688, 0.07089747504154716], [-0.1288728014165636, -0.03620275710996741, 0.9910000814493829, 0.1317653441530342], [0.0, 0.0, 0.0, 1.0]], [[-0.9818836029322477, -0.18899272232889863, -0.01365068494619609, 0.5561957387014145], [0.18630425975227877, -0.9760372456945664, 0.11243672805236148, 0.06470083763913756], [-0.03457330026109906, 0.10785659888795365, 0.9935651166307017, 0.1281464692590124], [0.0, 0.0, 0.0, 1.0]], [[-0.9793419976545745, -0.04106311110220011, -0.19799765790674367, 0.5489580881514388], [0.05787259074978987, -0.9951238424405329, -0.07987052927267085, 0.06248583556440185], [-0.19375245771306976, -0.08967920111707943, 0.9769430003931384, 0.1330405061785488], [0.0, 0.0, 0.0, 1.0]], [[-0.9946750427648665, -0.07909516425859991, -0.0660720386518816, 0.5505620681167617], [0.07573919159257841, -0.9957789939700368, 0.05184370766954771, 0.07275668057588003], [-0.06989373475221738, 0.04656339934892956, 0.9964671172113309, 0.12546139009817325], [0.0, 0.0, 0.0, 1.0]], [[-0.9837102001479994, -0.17890690834538983, -0.017508862643748402, 0.5541186675660568], [0.17926525715789965, -0.9835627474827568, -0.02163999399915137, 0.05850088236251083], [-0.01334952062418232, -0.024426213592480636, 0.9996125001162397, 0.13332290703467953], [0.0, 0.0, 0.0, 1.0]], [[-0.9853950516076064, -0.1075884815411198, -0.13198981364832135, 0.5465007339511029], [0.10330146410182361, -0.9938880158218663, 0.038928389641669364, 0.06380610211946862], [-0.1353713403260161, 0.02472510152355532, 0.9904863803066593, 0.12974473753027504], [0.0, 0.0, 0.0, 1.0]], [[-0.9520009114828158, -0.08357008581268113, -0.29446613607195826, 0.5441211231582138], [0.09764607331152242, -0.99466057471825, -0.03340038125534631, 0.06674352619630945], [-0.29010258341271045, -0.06055065530960622, 0.9550780644737108, 0.13297815058042095], [0.0, 0.0, 0.0, 1.0]], [[-0.9886185192497333, -0.0664573325259558, -0.13496979791790364, 0.5466862634673928], [0.07287497441131242, -0.9964062075627346, -0.043172996595100925, 0.06290533321604673], [-0.13161558228802406, -0.05251754453498976, 0.9899087058991858, 0.14302089700631326], [0.0, 0.0, 0.0, 1.0]]], "TOAs_ehc": [[[-0.976481969253351, -0.0817578458093189, -0.19949592911267702, 0.5315515466289744], [0.09813238448938202, -0.9924475648203059, -0.07360614502337948, 0.06871120758698963], [-0.19197137225538127, -0.09145208101760538, 0.9771302467329591, 0.1539029858540023], [0.0, 0.0, 0.0, 1.0]], [[-0.9892369675252981, 0.10693170145587494, -0.09987910381928687, 0.5440830758052164], [-0.06558766457892301, -0.9342284911719666, -0.35059291092947975, 0.06210401368758512], [-0.13079940184158417, -0.3402686351163574, 0.9311867596893474, 0.15221236373089142], [0.0, 0.0, 0.0, 1.0]], [[-0.8871947836954442, -0.1885992934469513, -0.42108873614105513, 0.546972177850804], [0.06397784700040134, -0.9541116435867304, 0.29253685746765645, 0.06304610070948032], [-0.45693790691434133, 0.232596822806086, 0.8585490523211105, 0.14921257627426432], [0.0, 0.0, 0.0, 1.0]], [[-0.9957691434623175, -0.057623066299540004, 0.07157788550355473, 0.5403605478014144], [0.06748648459938733, -0.9872645754598681, 0.1440633200852423, 0.06297833979602463], [0.062364944947540885, 0.1482843454521523, 0.9869763806511375, 0.14230659722514127], [0.0, 0.0, 0.0, 1.0]], [[-0.9897929495892984, -0.06768279337640916, 0.12541515028926875, 0.5426632571873586], [0.06456827390622578, -0.9974993754305909, -0.02873908420956417, 0.06525876521182616], [0.12704667446051146, -0.020347905914692932, 0.9916880136980499, 0.1447722059735208], [0.0, 0.0, 0.0, 1.0]], [[-0.9517376030396951, -0.10878658675305565, -0.28698609201106023, 0.5402905216945302], [0.14433722513114694, -0.9838649694761993, -0.10571891176009807, 0.058949030446537376], [-0.27085476803798036, -0.14203943955013393, 0.9520832439611512, 0.14857878896158827], [0.0, 0.0, 0.0, 1.0]], [[-0.9680221232820607, -0.1268506443993993, -0.21643033645391135, 0.5388461896006689], [0.14591845945295362, -0.9864905286337388, -0.07445967129013331, 0.04787379688190091], [-0.20406122026517992, -0.10365978534253789, 0.9734545047289106, 0.15641194908540923], [0.0, 0.0, 0.0, 1.0]], [[-0.9901484554689329, -0.10043401590439019, -0.09756562437995914, 0.5369441713469753], [0.09872248512918681, -0.9948667503925799, 0.022226519776482323, 0.06850160402221411], [-0.09929709839539705, 0.012375635421183528, 0.994980874614684, 0.15252264044032127], [0.0, 0.0, 0.0, 1.0]], [[-0.9722504175232857, -0.09501109336505076, -0.21378031872093958, 0.5389849590582636], [0.13068160060181083, -0.9785200253880105, -0.15943927121203216, 0.06341134347247684], [-0.1940398247811081, -0.18295204652555092, 0.9637827046870946, 0.1583740022123291], [0.0, 0.0, 0.0, 1.0]], [[-0.9294791602623006, -0.21143463433780194, -0.3022646133032385, 0.541687567183225], [0.2933832750184304, -0.9204316608827702, -0.25832500767072797, 0.045970291990824225], [-0.22359507071740164, -0.32878709073841583, 0.9175534320210486, 0.16438737118011038], [0.0, 0.0, 0.0, 1.0]], [[-0.8670947569823936, -0.0024145858993429876, -0.4981373853264492, 0.515567277255189], [0.1482448008331077, -0.9559318569170343, -0.2534122514380159, 0.06485452144677545], [-0.47557350974077595, -0.2935787161757622, 0.8292414499204548, 0.4415521548781465], [0.0, 0.0, 0.0, 1.0]], [[-0.9565450922093649, -0.12512820868955005, -0.2633712733171531, 0.5410262473651248], [0.13589066106340453, -0.9904573688797764, -0.02297665757046871, 0.06177309489666164], [-0.2579829925830042, -0.0577679091606117, 0.964420889525401, 0.1635083501119864], [0.0, 0.0, 0.0, 1.0]], [[-0.9399727083386229, -0.01553750437128786, -0.34089573350374014, 0.5379186087654737], [0.10681357086596388, -0.9621619133437348, -0.2506697300384974, 0.06318180683553448], [-0.3241021132893752, -0.27203499661770264, 0.9060655544395306, 0.1704798851875492], [0.0, 0.0, 0.0, 1.0]], [[-0.9937886957730401, -0.08276699144940353, -0.07438851354511876, 0.5380689477193575], [0.059339333766112445, -0.9596214164738446, 0.274964708112789, 0.070780370669772], [-0.09414281070840062, 0.2688426504180107, 0.9585722551607772, 0.2229815259677037], [0.0, 0.0, 0.0, 1.0]], [[-0.7200733610221864, -0.2216033069454197, -0.6575608947627135, 0.5467243367864808], [0.08090287763053852, -0.967982279234293, 0.23762373154159097, 0.0656712121170242], [-0.6891654963165429, 0.11790794916991894, 0.714946601076468, 0.15329412599065473], [0.0, 0.0, 0.0, 1.0]], [[-0.9792730814282422, -0.12378490325364241, -0.16031696580156976, 0.5375154678411775], [0.1344836149952076, -0.9892369303033115, -0.05765818015451574, 0.07580707530222941], [-0.15145424604802468, -0.07802310757794961, 0.9853801343804315, 0.16389880118175137], [0.0, 0.0, 0.0, 1.0]], [[-0.3077488515969965, 0.5531421356174273, -0.7741604666057414, 0.3950105268009067], [-0.02306785408305645, -0.817747233694701, -0.5751150696222451, 0.4777766232943769], [-0.9511879522792724, -0.15913278618731952, 0.26442057066918034, 0.716522971362564], [0.0, 0.0, 0.0, 1.0]], [[-0.9815747324828211, -0.065527079286712, -0.17949165469169748, 0.5360434143923495], [0.07461991393565287, -0.9962241322051668, -0.04437734793483472, 0.0734559251320136], [-0.1759060040822693, -0.0569533411831975, 0.9827580579917604, 0.16321654034716848], [0.0, 0.0, 0.0, 1.0]], [[-0.9734135350958222, -0.036839969880024775, -0.2260727967592846, 0.535823789019072], [0.05175639403701126, -0.9968309089852911, -0.060410409914124386, 0.07389747202136276], [-0.22313083969176958, -0.07050502635450023, 0.9722354031682859, 0.16188470771620556], [0.0, 0.0, 0.0, 1.0]], [[-0.9744957636833905, -0.08996469099672294, -0.2055829721528312, 0.549101449910021], [0.10541222013986833, -0.992272802116555, -0.06544434714974046, 0.07351234630084186], [-0.19810670916558476, -0.08544619624954408, 0.9764490181247436, 0.16712980543761746], [0.0, 0.0, 0.0, 1.0]], [[-0.9894249905407, -0.1272089078705259, -0.06968559950604852, 0.5443444232319121], [0.12952921140063522, -0.9911265597018017, -0.02983852506386081, 0.07320990233044214], [-0.06527151798167749, -0.03854930481395702, 0.9971226520842715, 0.1709019823922613], [0.0, 0.0, 0.0, 1.0]], [[-0.9869828937397078, -0.09771866474086106, -0.12773344672126186, 0.5390196099338873], [0.10008139914312104, -0.9949045005209346, -0.012196442396763003, 0.065313018159023], [-0.1258907584412317, -0.02482142837901071, 0.99173354342127, 0.15073947138773303], [0.0, 0.0, 0.0, 1.0]], [[-0.9798018300613329, -0.13785192848878686, -0.1448627807148728, 0.5466444101967478], [0.14728947593164776, -0.9874767330943818, -0.056528834727257, 0.08415480416631324], [-0.1352560175990251, -0.07672382066679709, 0.9878356532686532, 0.15496050663408056], [0.0, 0.0, 0.0, 1.0]], [[-0.9854776886741288, -0.16979214385988223, 0.002087665061085542, 0.5393249681142795], [0.16948746696816394, -0.9828091628445575, 0.07321304546608992, 0.07724994307064756], [-0.010379220842300863, 0.07250364919383077, 0.9973141435639713, 0.14219542619922065], [0.0, 0.0, 0.0, 1.0]], [[-0.9868318194986202, -0.04052477511457393, -0.1565908860946137, 0.5296540414857672], [0.05671553731117039, -0.9933343038698014, -0.1003509698390811, 0.06601631773778095], [-0.1514803915233755, -0.10791067027579818, 0.9825522797270334, 0.14340390599919717], [0.0, 0.0, 0.0, 1.0]], [[-0.9971390087227792, -0.06507854710344962, -0.038452339566173444, 0.5377484874152308], [0.06448534271015652, -0.9977826971437247, 0.01647217142445412, 0.07253160282224036], [-0.039439061791906704, 0.013945427725011617, 0.9991246649769088, 0.14521905668420232], [0.0, 0.0, 0.0, 1.0]], [[-0.9850335516672782, -0.17190796912244374, 0.012512272781018907, 0.537965372113135], [0.17094864074663652, -0.983654358614188, -0.05657449422321166, 0.0691306537265606], [0.02203336257408106, -0.053588824639990526, 0.9983199744603817, 0.14029307741571317], [0.0, 0.0, 0.0, 1.0]], [[-0.9887241460391074, -0.10393881319190688, -0.1078020860206304, 0.5340721558630668], [0.10462785711369918, -0.9945111708460479, -0.0007400739074334695, 0.07318150705452507], [-0.10713345349888348, -0.012010836707652552, 0.9941721027723173, 0.1501316728316885], [0.0, 0.0, 0.0, 1.0]], [[-0.9520190946140418, -0.07607714572432028, -0.2964319792852682, 0.5366795137468349], [0.10394884589126585, -0.9914079304948591, -0.0794037189513801, 0.0741934438166693], [-0.2878442094180588, -0.10640762309184651, 0.9517474138774648, 0.15615234504298703], [0.0, 0.0, 0.0, 1.0]], [[-0.9848562901368629, -0.05315266591776446, -0.16502389630996694, 0.5364895548919371], [0.06663373407221969, -0.9947819990283487, -0.07725750219377196, 0.062406235348164], [-0.1600563579381734, -0.08708368925172384, 0.9832590720891424, 0.1545284098545543], [0.0, 0.0, 0.0, 1.0]]], "TCAs": [[[0.7633678039383703, 0.54097039018076, -0.3530164767514202, 0.23702910308837893], [0.6172302169084608, -0.7720341911728654, 0.1516247571974783, -0.07115095367431641], [-0.19051628603729442, -0.3336378944420674, -0.9232493163532915, 0.7762], [0.0, 0.0, 0.0, 1.0]], [[0.001073006782904451, 0.9689257146790968, 0.24734956658552232, 0.041650451660156254], [0.9976482724132056, -0.01798884943419332, 0.06613868646246927, -0.1280128692626953], [0.06853300815950458, 0.24669690052701476, -0.966666367503791, 0.7453], [0.0, 0.0, 0.0, 1.0]], [[-0.8791665806649089, 0.06834681376827827, -0.4715875703299402, 0.23443115234375003], [0.18934491130774933, 0.9582832447409511, -0.2141068130878021, 0.04112307624816895], [0.437280948594645, -0.2775282614374233, -0.855431724978498, 0.7363000000000002], [0.0, 0.0, 0.0, 1.0]], [[-0.7018046072547373, 0.6836607744571385, -0.20019550120991678, 0.08437838973999022], [0.6764799103510083, 0.5515136814659898, -0.4880651493881965, -0.13264770965576173], [-0.2232604401310632, -0.47795460519226757, -0.8495376220321194, 0.8364999999999998], [0.0, 0.0, 0.0, 1.0]], [[-0.0704190352016929, 0.9353178382145807, -0.34673001167892337, -0.06530207252502443], [0.952161831588148, -0.040595102074766576, -0.3028859259758411, -0.1176695121765137], [-0.2973701497258361, -0.35147201767017366, -0.8877152780294431, 0.8398], [0.0, 0.0, 0.0, 1.0]], [[0.10333846665270907, 0.8443888859109424, -0.5256696402303866, 0.14656082153320313], [0.9747041035233782, 0.019330073407306636, 0.2226617588108823, -0.18504463958740236], [0.19817434719093774, -0.5353818801679278, -0.8210317719207341, 0.7404999999999999], [0.0, 0.0, 0.0, 1.0]], [[0.9321363897030236, 0.34990620296815517, -0.09320622358952783, -0.1516360336303711], [0.33950802887888326, -0.7550039459351072, 0.5609842599834625, -0.1373083312988281], [0.12592080573991038, -0.5545581040313321, -0.8225626176377006, 0.7269], [0.0, 0.0, 0.0, 1.0]], [[0.31853977435049186, 0.7345602437475688, -0.5991274158826739, 0.11292710494995117], [0.9362710170789669, -0.3425545401339285, 0.07780083297465601, -0.027619659805297854], [-0.14808441759569083, -0.5857282948083914, -0.7968647124363082, 0.8501], [0.0, 0.0, 0.0, 1.0]], [[0.8958517996097246, 0.3649537105823992, -0.2534922923249469, 0.03582522926330567], [0.43593843672216426, -0.8323368173226973, 0.3423055680490156, -0.057431222534179684], [-0.08606528059707684, -0.41716209279039485, -0.904747785747213, 0.8454999999999998], [0.0, 0.0, 0.0, 1.0]], [[0.48831637179345877, 0.8725815533533341, 0.01218826427162889, 0.014878020954132081], [0.778436744215075, -0.4418586967306364, 0.44586671481434637, 0.051885323715209965], [0.39444056116772086, -0.2082362237243707, -0.8950163790873928, 0.5746], [0.0, 0.0, 0.0, 1.0]], [[-0.19170241144598243, 0.9527467734298931, 0.23563482587411294, -8.502132892608644e-05], [0.8635791191723365, 0.04966454090362982, 0.5017614356508114, -0.03547061004638672], [0.46634889339991686, 0.29967819255955197, -0.8322930316474562, 0.4286], [0.0, 0.0, 0.0, 1.0]], [[0.43159205604855, 0.8827030545327146, 0.18591292228998255, -0.06870705184936524], [0.8665884555406105, -0.4629484574997593, 0.1862878805030892, -0.013874880504608153], [0.2505049817459221, 0.08070962282906263, -0.9647451533453104, 0.6893], [0.0, 0.0, 0.0, 1.0]], [[0.8814874765707559, 0.2677508094156272, 0.3889592944077793, -0.09147945175170898], [0.3632295374999814, -0.9108078481101067, -0.1961972652933434, 0.07107322311401366], [0.3017352013545497, 0.3142269369075692, -0.9001207143407022, 0.6770999999999999], [0.0, 0.0, 0.0, 1.0]], [[-0.5583974177682687, 0.7893904338952838, -0.2550589475088947, 0.0732570899963379], [0.8204406335569298, 0.5709965649267646, -0.028984300069844426, -0.048881541442871095], [0.12275785367312922, -0.225445482803383, -0.9664909951184835, 0.6267000000000001], [0.0, 0.0, 0.0, 1.0]], [[-0.6916804131475718, -0.0022395816456788884, -0.7222002425519234, 0.18634458770751955], [0.007157998942301369, 0.999924814487152, -0.009956325827165892, 0.0824903076171875], [0.722168241560889, -0.012056104133882401, -0.6916123778779315, 0.6783000000000001], [0.0, 0.0, 0.0, 1.0]], [[-0.6624841077021866, 0.4853938149636341, 0.5705327785825167, 0.032417228698730476], [0.6991469967193722, 0.67408502517758, 0.2383334970364503, 0.12320433044433594], [-0.2689019970552838, 0.5567784327956595, -0.7859322443781585, 0.7072999999999999], [0.0, 0.0, 0.0, 1.0]], [[-0.3233770240148113, 0.49116607446895255, 0.8088159170232022, 0.0], [0.5664949428823016, -0.5841642817729347, 0.5812362442152837, 0.0], [0.7579648936646749, 0.6461485736202398, -0.08933779032653222, 0.0], [0.0, 0.0, 0.0, 1.0]], [[0.7917760036084314, 0.5592457608191155, 0.24563171439313386, 0.0008194068789482116], [0.5959338620117329, -0.6190598394804807, -0.5114955984660889, -0.0002448258429765701], [-0.13399101543626796, 0.5513701970076461, -0.8234302117569574, 0.6976000000000002], [0.0, 0.0, 0.0, 1.0]], [[0.9750079387980103, 0.2185934983280302, 0.039703926374716675, -0.01930899715423584], [0.19934008416454696, -0.7818266832732721, -0.5907711639604509, 0.02414393081665039], [-0.09809714637096634, 0.5839211588995796, -0.8058616693100902, 0.6980000000000002], [0.0, 0.0, 0.0, 1.0]], [[-0.8410947083358316, 0.45606785161999996, 0.29079512775866984, -0.09120274124145508], [0.5355906867419481, 0.6271936734086065, 0.5654827250336715, -0.09905218048095704], [0.07551362714604441, 0.6313716898586254, -0.7717949736557714, 0.5778000000000001], [0.0, 0.0, 0.0, 1.0]], [[-0.3197083478921501, 0.7586831591200569, 0.5676146900457061, -0.16348206024169923], [0.9408044898117995, 0.3253547760014308, 0.09503252960443917, 0.024709179496765144], [-0.11257657055547621, 0.5643971419139802, -0.8177911603589876, 0.6023999999999999], [0.0, 0.0, 0.0, 1.0]], [[-0.1290185369884025, 0.9915943026474495, 0.009744540547948127, 0.051550792694091796], [0.9410659507698086, 0.12553054515983153, -0.3140652138228487, -0.12442025985717772], [-0.3126485141738058, -0.031349979090803975, -0.9493514024827256, 0.8859], [0.0, 0.0, 0.0, 1.0]], [[0.4590239114893181, 0.7618983701674468, -0.4569550549203225, -0.047044373703002934], [0.5969881330712467, -0.6454342843604788, -0.47646589966563657, 0.11024834671020509], [-0.6579530512530163, -0.05408750417855479, -0.7511140554127453, 1.1114000000000002], [0.0, 0.0, 0.0, 1.0]], [[-0.08073652619883287, 0.9722750019730002, -0.21946055198086983, -0.008301939296722412], [0.7320835023997407, -0.09157586049001254, -0.6750315602174783, -0.006360113573074341], [-0.6764136004335473, -0.21516315277927273, -0.7043929718804764, 1.0979999999999999], [0.0, 0.0, 0.0, 1.0]], [[-0.5951577655115665, 0.7828121069846807, 0.18163820993800878, 0.1189017562866211], [0.6762711086275863, 0.6099872929439227, -0.4130047095161995, 0.08480332489013671], [-0.434102086826238, -0.1229662864575074, -0.8924318856965812, 1.0132], [0.0, 0.0, 0.0, 1.0]], [[-0.24670533401601746, 0.9189334378159651, -0.30773010095175474, -0.09553531723022461], [0.8735112344953314, 0.07335249174692571, -0.4812458157376118, -0.11368035278320314], [-0.4196601021999678, -0.38753161008909853, -0.8207951326629952, 1.0067], [0.0, 0.0, 0.0, 1.0]], [[-0.2562653345365029, 0.9197581513681058, 0.29727600190196835, 0.08331104278564452], [0.6392215314489863, 0.3919514615881743, -0.6616418105673996, -0.029153398895263676], [-0.7250682119958832, 0.02046936127041582, -0.6883727865061737, 1.0336], [0.0, 0.0, 0.0, 1.0]], [[-0.13405630421414982, 0.9906632075372398, 0.024805574624891163, -0.03886904602050781], [0.9151514690714669, 0.13336330601704582, -0.3804103274945879, 0.055454261779785165], [-0.38016666865570836, -0.0282955445296878, -0.9244850816551824, 0.9671999999999998], [0.0, 0.0, 0.0, 1.0]], [[0.4789461831039714, 0.8754915692969678, -0.06422667498843385, -0.020949838638305664], [0.8542441382302242, -0.48167188277404627, -0.1955994622799556, 0.07614716796875], [-0.20218186365111698, 0.038816355249286644, -0.9785784509050479, 0.9568000000000001], [0.0, 0.0, 0.0, 1.0]], [[0.6524175556178111, 0.21773893685300671, -0.7259070797972719, 0.16132234191894532], [0.2681988698866736, -0.9621885842699198, -0.047565686078928825, -0.023248820877075194], [-0.7088164073391584, -0.16365476980146476, -0.6861460609870456, 0.8701000000000001], [0.0, 0.0, 0.0, 1.0]]], "TOHs": [[[0.5719964810198717, -0.7248957289159947, 0.3838570149160132, 0.30681069132028643], [-0.8170542947676145, -0.46221707952126856, 0.3446413364653539, -0.00949399738632166], [-0.07240376442340365, -0.5107656542859729, -0.8566657115229617, 0.9452154775589414], [0.0, 0.0, 0.0, 1.0]], [[0.9925390013504729, 0.09077378843356075, 0.08140301058084512, 0.3003377920197957], [0.08526804525309135, -0.9939838411657655, 0.06874215562570025, 0.006517928330878282], [0.08715326303084006, -0.06128819490546595, -0.9943078325691235, 0.887066725606394], [0.0, 0.0, 0.0, 1.0]], [[0.24244659606944563, 0.9678845110915042, 0.06647722349420711, 0.2988090651231732], [0.9676246186246469, -0.24619869058177501, 0.05557699332750885, 0.060926302184375086], [0.07015871639251751, 0.05085054517877876, -0.9962389154059257, 0.8838710001435905], [0.0, 0.0, 0.0, 1.0]], [[0.7253825166970861, 0.6487055351815885, 0.23022018394348148, 0.17826300465392902], [0.5732623122882654, -0.7544569056395849, 0.3196327562103951, -0.2748755598932403], [0.38103874577280566, -0.09987945813585261, -0.9191482840447323, 0.8557806964269394], [0.0, 0.0, 0.0, 1.0]], [[0.9731439279360767, -0.030012482998324444, 0.22823265845496166, 0.17974406068479665], [-0.10399286295614894, -0.9418438894718311, 0.3195552727131208, -0.2796594640258009], [0.2053688875543896, -0.334707840853555, -0.9196707461346285, 0.8531589655462846], [0.0, 0.0, 0.0, 1.0]], [[0.9914895274418578, -0.028226190447545436, 0.12708972871928045, 0.21165421090289316], [-0.10067407189286273, -0.7851868898833185, 0.6110206863960274, -0.28578686822766436], [0.08254240256760226, -0.6186152520979261, -0.7813462239303313, 0.7915268813961333], [0.0, 0.0, 0.0, 1.0]], [[0.36607009947950886, -0.9251622398125506, 0.10033699363687876, 0.22727265709123917], [-0.7634348701210257, -0.23691150109184167, 0.6008661579201338, -0.2836988223420362], [-0.5321276927113971, -0.29655989390919846, -0.7930273311647023, 0.7850277323147208], [0.0, 0.0, 0.0, 1.0]], [[0.898668451489724, -0.3274383051205219, 0.29185470809438996, 0.24084333145179804], [-0.4360249159399902, -0.7392686588840318, 0.513190142804136, -0.28073331116368044], [0.047720928077585364, -0.5884437155171299, -0.8071286803799063, 0.888056495057804], [0.0, 0.0, 0.0, 1.0]], [[0.42412158048543125, -0.8563184820801656, 0.2946854971227142, 0.24224277267421973], [-0.8257647686540929, -0.2320883426327267, 0.5140501415850857, -0.28383367373367085], [-0.3717975683301229, -0.4613606598550806, -0.8055513079387882, 0.8865867808330465], [0.0, 0.0, 0.0, 1.0]], [[0.776052269096349, -0.6280127453107897, -0.05781753503577736, 0.5625831879650791], [-0.5214606885220402, -0.6905298443575998, 0.5012457325280573, -0.24802356669267253], [-0.35471344202965843, -0.3588433164748568, -0.8633712111628449, 0.6624344078697076], [0.0, 0.0, 0.0, 1.0]], [[0.9975170235508191, 0.061262756872173765, 0.034737045739896444, 0.4038564396589895], [0.0627144348766456, -0.9971319008808228, -0.04236592857355812, 0.05782645993211572], [0.03204196286774126, 0.04443924916352409, -0.9984981050304322, 0.8728305142097421], [0.0, 0.0, 0.0, 1.0]], [[0.8287979367307672, -0.559542660006029, 0.0024477957840824092, 0.4251816407482672], [-0.5581279554541009, -0.8269981138674936, -0.06758183927826773, 0.06743007578125267], [0.03983924461443082, 0.054645505697959534, -0.9977107312721287, 0.8560362864167059], [0.0, 0.0, 0.0, 1.0]], [[0.2753091897656169, -0.9612887913644224, -0.011345026563549993, 0.4322270564997838], [-0.9587499771034422, -0.27367554974917585, -0.076812595800661, 0.06971371740920618], [0.07073423099708277, 0.03202425747171531, -0.9969810005705411, 0.8498038763019982], [0.0, 0.0, 0.0, 1.0]], [[0.8526983258391024, 0.5223467737657725, 0.007707985967858315, 0.41859690728876364], [0.5217631322212344, -0.8508297117743786, -0.06206476791718696, 0.09479578236276856], [-0.025861147806670197, 0.05694426659828483, -0.9980423595898646, 0.8569690700905255], [0.0, 0.0, 0.0, 1.0]], [[0.20597359600406684, 0.978327445308512, -0.021219978917848412, 0.4147698657194437], [0.9750860901353062, -0.20701958678330024, -0.07968693439148623, 0.18060016031210172], [-0.08235286621481305, -0.004277901844603874, -0.996594052250972, 0.8370738704280776], [0.0, 0.0, 0.0, 1.0]], [[0.7906801784757058, 0.49699647053831075, 0.3575183402821288, 0.3368360409571855], [0.6083872103843817, -0.5725107920917725, -0.5496329640579813, 0.5073381096325288], [-0.06848253504606963, 0.6520934758229944, -0.7550392315520766, 0.6952405156581827], [0.0, 0.0, 0.0, 1.0]], [[0.9467022982137594, -0.24764744368121522, 0.20597451831463387, 0.32443836282907923], [-0.10520159269647898, -0.8421056588235987, -0.5289524404626541, 0.4850029915367052], [0.30444602715573454, 0.47909164365018186, -0.8232762680495882, 0.7005340462485621], [0.0, 0.0, 0.0, 1.0]], [[0.4605406949423063, -0.8594819612801067, 0.22179501016965822, 0.3292648646346975], [-0.6634774024302793, -0.4993077836485187, -0.5572158232250528, 0.48780053055801353], [0.5896609235538903, 0.10946458524155289, -0.8001984127773987, 0.6948548551724241], [0.0, 0.0, 0.0, 1.0]], [[0.041239663965359497, -0.9744399299101798, 0.2208305076584043, 0.33136297994182085], [-0.8099505287642781, -0.16201999705505732, -0.5636751382744728, 0.48753529934107964], [0.5850465204327695, -0.15561601315714158, -0.7959297867139954, 0.69324863495377], [0.0, 0.0, 0.0, 1.0]], [[0.6821902570489401, 0.7276936484198859, 0.07126294434596725, 0.4824466432923347], [0.6246654198048613, -0.5293870708172748, -0.5740578738694578, 0.24665974250065148], [-0.38001258727510234, 0.4361321855823776, -0.8157077602987615, 0.7521928223134091], [0.0, 0.0, 0.0, 1.0]], [[0.9733814825759649, 0.1913067417626255, 0.12621497507976104, 0.4693698950934707], [0.22894267684007583, -0.7859803831970484, -0.574299649965697, 0.2602942648700073], [-0.010664900351957343, 0.5879086389785319, -0.8088570282286567, 0.7686142378266712], [0.0, 0.0, 0.0, 1.0]], [[0.8902055992007946, 0.02659230505574485, 0.4547821901343285, -0.024844387866458033], [0.04259186626213449, -0.9987804871700336, -0.024969408817567023, 0.09664626399214697], [0.4535635832822812, 0.04159792975873379, -0.8902525979517975, 0.8672365024870525], [0.0, 0.0, 0.0, 1.0]], [[0.4171088063427213, -0.5102232604406933, 0.7521253008486142, -0.3109938069017089], [-0.7413572480457318, -0.6697197563386708, -0.04318424179872257, 0.022809964972230163], [0.525746777870687, -0.5395810156732161, -0.6576037203997942, 0.8678212884149799], [0.0, 0.0, 0.0, 1.0]], [[0.6922989726526293, -0.10148324138966017, 0.7144391395921434, -0.2905420271249293], [-0.14987338567328648, -0.9886936001331439, 0.0047888748771752615, 0.027575238220278395], [0.7058754144542367, -0.11039074586581467, -0.6996812006165727, 0.8694549520586439], [0.0, 0.0, 0.0, 1.0]], [[0.6055747092718382, 0.5147543543203718, 0.6068832063902789, -0.10559880491476079], [0.5348884329475799, -0.8279458535704645, 0.16852307810610706, -0.02299265925022652], [0.5892144225909706, 0.22256149321859797, -0.776719219504125, 0.9407394779042719], [0.0, 0.0, 0.0, 1.0]], [[0.8428647597722642, 0.19304080258036094, 0.5023089141884439, -0.08215911137387925], [0.03183340307753134, -0.9496937461886223, 0.31155805702745865, -0.3757636894188895], [0.5371830518385207, -0.2466111047567645, -0.8066085369174456, 0.838246278949482], [0.0, 0.0, 0.0, 1.0]], [[0.6873469692742042, 0.08233477155657411, 0.7216475103693581, -0.26967141632723457], [0.25660071941321166, -0.9570123763728668, -0.1352160577216351, 0.2298081508951454], [0.6794926155788511, 0.27811561779570215, -0.6789267180719336, 0.7839828849420349], [0.0, 0.0, 0.0, 1.0]], [[0.8659237964462252, 0.02224038541966148, 0.4996812423981325, 0.0557615866110039], [0.05282046642313302, -0.9974908611100308, -0.047137886342220325, 0.03965932827047463], [0.49737910800012397, 0.06721121378426605, -0.8649258209041091, 0.9956283346485473], [0.0, 0.0, 0.0, 1.0]], [[0.7153904197717118, -0.5102095276240296, 0.477391647623331, 0.06575551632953201], [-0.5690467141067116, -0.821904537938883, -0.025666469952565565, 0.03372282134106917], [0.40546563906601063, -0.25329660170862167, -0.8783156876087639, 0.992668795266985], [0.0, 0.0, 0.0, 1.0]], [[0.1947819518764109, -0.561486894830286, 0.804234081693296, -0.11595732382775592], [-0.9803292171958102, -0.1380719317528598, 0.1410346325350058, 0.027127443977746236], [0.031853055355269666, -0.8158851687559209, -0.5773359284408492, 0.7629953416710809], [0.0, 0.0, 0.0, 1.0]]], "THC_cad": [[0.0, -1.0, 0.0, 0.051], [1.0, 0.0, 0.0, -0.0325], [0.0, 0.0, 1.0, 0.025800000000000003], [0.0, 0.0, 0.0, 1.0]], "THC_ehc": [[-0.01599558, -0.99960836, -0.02296239, 0.07243882], [0.99918407, -0.01512856, -0.03744763, -0.00373149], [0.03708558, -0.02354265, 0.99903474, 0.00519517], [0.0, 0.0, 0.0, 1.0]]}