{"TOEs": [[[8.27420896e-01, -3.07281324e-01, -4.70040264e-01, 4.53833227e-01], [1.33321081e-03, -8.35924879e-01, 5.48829997e-01, -1.66365630e-04], [-5.61563559e-01, -4.54740070e-01, -6.91265350e-01, 3.01651918e-01], [0.00000000e+00, 0.00000000e+00, 0.00000000e+00, 1.00000000e+00]], [[0.37581743, -0.81724438, -0.43687218, 0.51000462],[-0.30026286, -0.55338501, 0.77691674, 0.03760346], [-0.87668935, -0.16080237, -0.4533686, 0.33456687], [0.0, 0.0, 0.0, 1.0]], [[0.9180394, -0.24676178, -0.31031418, 0.44500581],[-0.14466521, -0.93721671, 0.31730034, 0.02146565], [-0.36912923, -0.24640255, -0.89611696, 0.28308327], [0.0, 0.0, 0.0, 1.0]], [[0.80286186, -0.0732161, -0.59164154, 0.45616324], [0.34827121, -0.74785218, 0.56516473, -0.04436401], [-0.48383958, -0.65980093, -0.57493401, 0.289187], [0.0, 0.0, 0.0, 1.0]], [[0.71949389, -0.60341742, -0.34380077, 0.46922825], [0.382238, -0.06923303, 0.92146513, -0.05048101], [-0.57983049, -0.79440226, 0.18083981, 0.2952306], [0.0, 0.0, 0.0, 1.0]],[[-0.20882263, -0.97727271, 0.03622063, 0.5828879], [-0.79242105, 0.19079595, 0.57935567, 0.0982424], [-0.57309923, 0.09228058, -0.81426966, 0.30569263], [0.0, 0.0, 0.0, 1.0]],[[0.14962126, 0.87180318, -0.46643073, 0.54252639], [0.51352536, -0.47163984, -0.71682508, -0.06103115], [-0.8449177, -0.13227174, -0.51827037, 0.33566442], [0.0, 0.0, 0.0, 1.0]],[[0.78189853, 0.53279152, -0.32365205, 0.45037618], [0.59607095, -0.79098643, 0.13791661, -0.07289988], [-0.18252358, -0.30075638, -0.9360707, 0.25263691], [0.0, 0.0, 0.0, 1.0]],[[0.51063702, -0.84243707, -0.17184568, 0.50051047], [-0.25149855, -0.33747901, 0.90711244, 0.03245235], [-0.82217945, -0.41998626, -0.38420838, 0.32663806], [0.0, 0.0, 0.0, 1.0]],[[-0.10124111, -0.87874279, 0.46641856, 0.56358818], [-0.57546165, 0.43415788, 0.69306624, 0.06881813], [-0.81152626, -0.19823921, -0.54964799, 0.3236197], [0.0, 0.0, 0.0, 1.0]],[[-0.1681687, 0.94212906, -0.2899905, 0.57839402], [0.9819443, 0.13428725, -0.13316684, -0.12190336], [-0.08651832, -0.30714901, -0.94771942, 0.24737884], [0.0, 0.0, 0.0, 1.0]],[[0.39154219, 0.78085858, -0.48676473, 0.51076144], [0.57563403, -0.62056283, -0.53247858, -0.06079253], [-0.71785857, -0.07171051, -0.69247863, 0.31868036], [0.0, 0.0, 0.0, 1.0]],[[0.58717198, -0.39803125, -0.70483367, 0.49325424], [-0.40273561, -0.8989693, 0.17216138, 0.05818172], [-0.70214944, 0.18277328, -0.68816419, 0.32748766], [0.0, 0.0, 0.0, 1.0]],[[0.35062516, -0.92515968, -0.14533656, 0.51574672], [-0.30024516, -0.25804469, 0.9182934, 0.04056182], [-0.88707135, -0.27834017, -0.36825877, 0.33620301], [0.0, 0.0, 0.0, 1.0]],[[0.75101567, -0.26785105, -0.60350562, 0.47056528], [0.03657567, -0.8957309, 0.44307212, -0.00695257], [-0.65925597, -0.35482772, -0.66292388, 0.31267544], [0.0, 0.0, 0.0, 1.0]],[[0.41421195, 0.59078448, -0.69238149, 0.51307333], [0.65619405, -0.72098866, -0.22263516, -0.07861663], [-0.6307286, -0.36211848, -0.6863246, 0.30652983], [0.0, 0.0, 0.0, 1.0]],[[0.91887799, 0.0484747, -0.3915318, 0.43976163], [0.05570243, -0.99841242, 0.00711578, -0.00551378], [-0.39056527, -0.02834781, -0.92013707, 0.28632428], [0.0, 0.0, 0.0, 1.0]],[[0.71563458, 0.35090726, -0.60391971, 0.47292356], [0.40648548, -0.91236121, -0.04844961, -0.050828], [-0.56799424, -0.21081238, -0.79557125, 0.30162805], [0.0, 0.0, 0.0, 1.0]],[[0.19109971, 0.87852426, -0.43779043, 0.53890305], [0.50835686, -0.47011261, -0.72149719, -0.05959242], [-0.83966359, -0.08467587, -0.53645255, 0.33432195], [0.0, 0.0, 0.0, 1.0]],[[0.65251971, -0.31220627, -0.69046013, 0.48139555], [-0.22952388, -0.94979837, 0.21256402, 0.02781861], [-0.72216173, 0.01977487, -0.69143427, 0.31993808], [0.0, 0.0, 0.0, 1.0]]]}